3	4	5
[DEMANDS]
(1,1):	826	786	962	892	615
(1,2):	639	615	521	937	710
(1,3):	985	551	858	544	542
(1,4):	567	712	899	534	623
(2,1):	588	821	673	886	890
(2,2):	843	672	806	634	905
(2,3):	530	622	792	913	557
(2,4):	529	840	566	744	959
(3,1):	804	531	988	525	723
(3,2):	816	928	882	565	526
(3,3):	588	772	824	518	912
(3,4):	567	762	633	929	743
[SETUP_TIME]
1:	11.47	11.6	8.16	9.02
2:	10.74	10.24	10.08	8.62
3:	8.5	10.57	11.52	9.58
[PRODUCTION_TIME]
1:	0.02	0.01	0.02	0.09
2:	0.06	0.04	0.06	0.03
3:	0.03	0.02	0.03	0.02
[CAPACITY]
1:	255.58	248.24	317.51	223.5	252.94
2:	331.27	361.25	377.81	376.69	287.96
3:	249.31	253.29	276.36	375.89	323.08
4:	247.55	328.06	229.95	207.78	312.14
[TRANSFER_COST]
(1,1):	3.88	3.78	1.4	4.71	1.52
(1,2):	1.23	2.7	4.8	1.7	1.05
(1,3):	3.65	2.19	4.83	4.56	4.08
(1,4):	4.78	4.85	3.65	3.06	3.7
(2,1):	4.28	2.02	1.29	1.65	2.14
(2,2):	4.19	2.95	2.98	3.08	2.41
(2,3):	2.06	2.21	2.84	1.27	4.99
(2,4):	4.12	3.32	1.13	4.64	1.9
(3,1):	4.33	3.8	2.66	1.17	3.18
(3,2):	4.59	3.32	4.12	4.75	2.45
(3,3):	2.14	1.78	1.1	2.09	4.72
(3,4):	2.7	1.59	3.05	4.57	4.61
(4,1):	3.74	3.6	3.1	2.79	1.45
(4,2):	2.76	4.58	1.33	3.95	2.54
(4,3):	2.44	1.32	4.19	2.94	4.1
(4,4):	1.59	3.51	1.55	1.11	2.36
[SETUP_COST]
(1,1):	1.52	8.49	4.95	1.2	9.33
(1,2):	6.38	4.59	3.39	3.07	3.98
(1,3):	3.38	3.67	1.15	1.2	6.61
(1,4):	8.09	5.98	1.38	9.7	8.51
(2,1):	5.48	9.58	2.76	9.73	4.86
(2,2):	1.05	9.33	5.34	8.94	2.91
(2,3):	2.02	9.73	9.39	2.8	2.92
(2,4):	5.64	2.14	9.04	4.6	4.35
(3,1):	1.0	1.28	4.27	9.63	4.83
(3,2):	7.5	1.72	3.47	1.15	4.92
(3,3):	8.33	2.05	7.76	4.37	6.42
(3,4):	8.48	4.89	8.6	3.39	7.94
[INVENTORY_COST]
(1,1):	1.73	1.93	1.55	1.28	1.33
(1,2):	1.1	1.58	1.27	1.39	1.46
(1,3):	1.82	1.53	1.57	1.7	1.68
(1,4):	1.23	1.4	1.43	1.64	1.66
(2,1):	1.3	1.47	1.68	1.31	1.91
(2,2):	1.98	1.12	1.04	1.72	1.27
(2,3):	1.71	1.36	1.93	1.19	1.71
(2,4):	1.43	1.77	1.21	1.17	1.69
(3,1):	1.75	1.87	1.02	1.22	1.08
(3,2):	1.25	1.48	1.39	1.86	1.04
(3,3):	1.73	1.95	1.37	1.95	1.77
(3,4):	1.86	1.07	1.14	1.68	1.76
[PRODUCTION_COST]
(1,1):	1.47	1.7	1.77	1.33	1.62
(1,2):	1.66	1.18	1.14	1.92	1.34
(1,3):	1.95	1.91	1.87	1.98	1.24
(1,4):	1.38	1.25	1.45	1.15	1.57
(2,1):	1.71	1.94	1.58	1.08	1.44
(2,2):	1.27	1.78	1.46	1.92	1.12
(2,3):	1.79	1.43	1.11	1.09	1.34
(2,4):	1.75	1.77	1.33	1.1	1.46
(3,1):	1.66	1.92	1.84	1.97	1.29
(3,2):	1.09	1.5	1.57	1.43	1.24
(3,3):	1.52	1.91	1.77	1.65	1.85
(3,4):	1.85	1.48	1.55	1.36	1.39
[EOD]
