3	3	5
[DEMANDS]
(1,1):	610	852	829	902	639
(1,2):	715	760	921	665	906
(1,3):	960	861	600	928	794
(2,1):	755	961	910	838	928
(2,2):	928	770	966	673	891
(2,3):	839	970	571	581	691
(3,1):	942	913	943	611	661
(3,2):	704	665	579	704	856
(3,3):	559	901	986	754	605
[SETUP_TIME]
1:	8.8	9.98	11.89
2:	11.77	8.74	10.56
3:	8.58	11.68	9.4
[PRODUCTION_TIME]
1:	0.02	0.05	0.07
2:	0.04	0.08	0.03
3:	0.09	0.08	0.03
[CAPACITY]
1:	232.26	266.44	334.37	265.36	249.75
2:	362.54	340.4	337.34	260.35	275.34
3:	288.95	369.98	335.6	242.68	334.82
[TRANSFER_COST]
(1,1):	2.01	4.81	1.36	3.89	4.03
(1,2):	4.9	2.54	3.02	3.3	1.1
(1,3):	4.87	1.42	4.08	3.87	4.45
(2,1):	1.3	3.84	2.1	2.25	4.61
(2,2):	1.35	4.82	3.02	1.1	2.7
(2,3):	3.01	3.64	4.6	3.0	1.02
(3,1):	1.63	1.84	2.72	4.76	4.21
(3,2):	1.06	2.35	4.5	4.02	4.12
(3,3):	3.78	4.41	3.16	2.92	1.95
[SETUP_COST]
(1,1):	4.07	6.73	4.55	3.09	3.46
(1,2):	3.23	3.23	8.04	8.64	8.04
(1,3):	7.86	3.15	3.52	5.54	3.18
(2,1):	7.2	8.86	9.54	4.4	3.91
(2,2):	2.15	3.64	8.81	1.39	9.78
(2,3):	3.54	3.93	3.43	2.02	4.03
(3,1):	9.13	1.95	6.48	3.73	9.61
(3,2):	6.73	2.23	3.98	3.6	4.56
(3,3):	1.44	3.52	9.4	3.47	5.03
[INVENTORY_COST]
(1,1):	1.9	1.77	1.63	1.56	1.22
(1,2):	1.51	1.94	1.46	1.31	1.79
(1,3):	1.23	1.14	1.21	1.35	1.7
(2,1):	1.18	1.17	1.22	1.92	1.75
(2,2):	1.54	1.29	1.12	1.38	1.91
(2,3):	1.58	1.23	1.67	1.39	1.63
(3,1):	1.05	1.67	1.92	1.81	1.63
(3,2):	1.98	1.71	1.99	1.9	1.54
(3,3):	1.34	1.46	1.12	1.86	1.47
[PRODUCTION_COST]
(1,1):	1.89	1.91	1.11	1.37	1.25
(1,2):	1.59	1.82	1.79	1.53	1.02
(1,3):	1.62	1.94	1.33	1.41	1.67
(2,1):	1.2	1.92	1.42	1.12	1.83
(2,2):	1.86	1.69	1.13	1.77	1.0
(2,3):	1.9	1.38	1.13	1.14	1.14
(3,1):	1.4	1.7	1.66	1.35	1.23
(3,2):	1.73	1.17	1.04	1.22	1.57
(3,3):	1.75	1.69	1.48	1.03	1.01
[EOD]
