3	3	3
[DEMANDS]
(1,1):	591	641	901
(1,2):	960	598	692
(1,3):	703	897	682
(2,1):	713	532	863
(2,2):	805	968	620
(2,3):	529	598	786
(3,1):	894	998	526
(3,2):	935	812	664
(3,3):	958	607	906
[SETUP_TIME]
1:	10.0	10.88	11.46
2:	11.27	8.92	9.08
3:	11.77	10.35	11.47
[PRODUCTION_TIME]
1:	0.06	0.1	0.04
2:	0.08	0.01	0.09
3:	0.03	0.07	0.01
[CAPACITY]
1:	351.96	293.54	204.06
2:	201.23	241.04	219.5
3:	362.33	239.7	370.76
[TRANSFER_COST]
(1,1):	2.25	2.66	2.01
(1,2):	3.65	1.38	2.18
(1,3):	4.07	4.09	2.04
(2,1):	2.61	3.12	1.23
(2,2):	2.63	2.14	1.53
(2,3):	2.68	2.56	1.8
(3,1):	1.9	2.81	1.63
(3,2):	2.93	2.22	4.21
(3,3):	2.29	2.53	2.66
[SETUP_COST]
(1,1):	7.2	3.79	2.25
(1,2):	5.02	9.74	8.7
(1,3):	7.25	7.32	7.3
(2,1):	7.08	3.7	8.91
(2,2):	9.94	3.42	6.09
(2,3):	9.35	3.88	3.16
(3,1):	2.24	8.25	1.25
(3,2):	2.78	4.79	6.34
(3,3):	9.71	4.5	4.16
[INVENTORY_COST]
(1,1):	1.46	1.19	1.25
(1,2):	1.14	1.13	1.86
(1,3):	1.06	1.58	1.43
(2,1):	1.43	1.03	1.15
(2,2):	1.1	1.7	1.67
(2,3):	1.54	1.41	1.61
(3,1):	1.94	1.36	1.63
(3,2):	1.66	1.37	1.24
(3,3):	1.1	1.43	1.92
[PRODUCTION_COST]
(1,1):	1.39	1.47	1.48
(1,2):	1.25	1.72	1.34
(1,3):	1.6	1.38	1.16
(2,1):	1.79	1.49	1.28
(2,2):	1.94	1.96	1.55
(2,3):	1.05	1.57	1.87
(3,1):	1.7	1.88	1.69
(3,2):	1.75	1.15	1.57
(3,3):	1.02	1.76	1.55
[EOD]
