3	4	3
[DEMANDS]
(1,1):	720	963	582
(1,2):	567	583	663
(1,3):	738	749	831
(1,4):	666	725	917
(2,1):	610	937	786
(2,2):	824	895	948
(2,3):	624	600	514
(2,4):	866	690	917
(3,1):	713	796	791
(3,2):	638	812	951
(3,3):	759	723	755
(3,4):	851	987	922
[SETUP_TIME]
1:	8.81	9.23	11.56	9.74
2:	8.67	8.05	8.3	8.92
3:	9.95	11.44	11.31	8.97
[PRODUCTION_TIME]
1:	0.08	0.06	0.02	0.02
2:	0.01	0.03	0.06	0.08
3:	0.08	0.09	0.02	0.08
[CAPACITY]
1:	216.37	314.17	216.46
2:	309.52	327.71	315.27
3:	383.33	259.83	361.88
4:	315.25	276.69	272.54
[TRANSFER_COST]
(1,1):	4.12	3.25	1.15
(1,2):	3.26	1.18	2.0
(1,3):	4.99	4.38	3.23
(1,4):	2.72	1.38	2.23
(2,1):	4.79	1.06	4.23
(2,2):	1.09	1.73	3.45
(2,3):	2.82	2.92	2.47
(2,4):	4.39	1.69	3.58
(3,1):	2.25	1.78	4.68
(3,2):	1.53	1.43	2.96
(3,3):	4.69	3.36	3.19
(3,4):	2.25	3.04	1.07
(4,1):	3.88	2.31	4.94
(4,2):	4.02	3.86	2.85
(4,3):	3.85	3.13	3.42
(4,4):	1.53	3.02	4.27
[SETUP_COST]
(1,1):	2.64	6.48	1.83
(1,2):	2.37	9.67	4.39
(1,3):	6.81	7.29	7.73
(1,4):	5.75	6.79	7.59
(2,1):	4.9	8.31	6.62
(2,2):	4.91	1.39	5.53
(2,3):	6.24	4.02	4.89
(2,4):	7.24	1.94	9.62
(3,1):	5.03	7.83	7.81
(3,2):	1.86	2.86	1.01
(3,3):	7.19	9.05	4.12
(3,4):	2.31	9.7	9.54
[INVENTORY_COST]
(1,1):	1.79	1.28	1.92
(1,2):	1.98	1.92	2.0
(1,3):	1.82	1.84	1.95
(1,4):	1.77	1.65	1.1
(2,1):	1.13	1.82	1.68
(2,2):	1.68	1.99	1.66
(2,3):	1.98	1.98	1.6
(2,4):	1.31	1.96	1.71
(3,1):	1.91	1.23	1.81
(3,2):	1.51	1.85	1.26
(3,3):	1.4	1.87	1.62
(3,4):	1.6	1.34	2.0
[PRODUCTION_COST]
(1,1):	1.68	1.49	1.35
(1,2):	1.2	1.92	1.22
(1,3):	1.35	1.86	1.77
(1,4):	1.07	1.38	1.09
(2,1):	1.59	1.06	1.28
(2,2):	1.48	1.79	1.65
(2,3):	1.54	1.72	1.61
(2,4):	1.8	1.09	1.17
(3,1):	1.53	1.95	1.84
(3,2):	1.75	1.57	1.52
(3,3):	1.2	1.88	1.36
(3,4):	1.9	1.58	1.15
[EOD]
