3	4	6
[DEMANDS]
(1,1):	878	753	522	983	976	559
(1,2):	524	975	735	652	941	827
(1,3):	780	882	769	730	741	559
(1,4):	963	902	942	752	910	882
(2,1):	500	782	519	823	651	905
(2,2):	805	987	778	575	799	706
(2,3):	924	691	908	940	519	525
(2,4):	634	671	820	615	944	717
(3,1):	690	642	732	706	862	951
(3,2):	621	890	917	707	646	644
(3,3):	754	661	563	830	522	546
(3,4):	822	732	846	644	911	860
[SETUP_TIME]
1:	8.72	8.18	10.9	9.37
2:	10.8	9.57	10.48	8.92
3:	11.25	8.58	9.74	10.31
[PRODUCTION_TIME]
1:	0.06	0.03	0.05	0.08
2:	0.1	0.04	0.03	0.03
3:	0.06	0.02	0.05	0.07
[CAPACITY]
1:	326.69	358.09	377.55	332.05	372.14	369.25
2:	286.52	299.31	225.17	225.76	263.36	303.6
3:	271.17	326.01	222.94	268.55	306.49	364.12
4:	210.77	341.94	209.56	370.93	294.94	238.72
[TRANSFER_COST]
(1,1):	4.61	4.37	2.88	4.28	4.81	2.78
(1,2):	2.34	1.44	3.85	2.9	3.3	1.47
(1,3):	2.59	2.93	1.26	2.65	1.14	3.85
(1,4):	2.99	3.42	3.75	2.22	3.21	2.83
(2,1):	4.81	1.18	3.87	2.99	4.39	2.2
(2,2):	4.06	4.41	4.44	1.75	3.37	1.73
(2,3):	1.57	2.88	3.55	2.02	2.44	3.86
(2,4):	4.7	1.16	4.82	1.3	2.34	4.59
(3,1):	1.16	4.46	4.59	3.41	1.88	4.11
(3,2):	3.0	4.72	2.95	1.67	2.59	1.25
(3,3):	1.52	2.98	3.82	1.22	3.72	2.29
(3,4):	4.23	3.74	1.81	1.96	3.74	2.2
(4,1):	1.34	3.21	2.27	1.51	3.8	1.66
(4,2):	2.22	2.34	4.65	2.61	3.11	2.6
(4,3):	2.83	2.63	2.94	1.6	2.91	1.23
(4,4):	1.36	4.79	3.71	4.49	4.03	4.92
[SETUP_COST]
(1,1):	3.73	8.36	4.68	4.71	2.29	5.81
(1,2):	4.48	6.58	3.47	1.97	8.53	8.22
(1,3):	1.57	8.4	8.69	8.48	4.49	5.91
(1,4):	5.67	1.18	9.93	2.15	3.79	6.2
(2,1):	8.63	6.51	3.8	3.87	5.6	2.97
(2,2):	7.59	1.69	1.61	3.02	6.05	3.29
(2,3):	3.89	8.32	8.13	5.58	7.93	3.08
(2,4):	5.37	9.13	6.9	8.77	8.16	2.89
(3,1):	1.33	9.8	8.03	5.36	6.09	2.13
(3,2):	1.79	8.7	5.38	8.43	5.39	3.61
(3,3):	3.35	2.93	7.41	8.06	7.69	7.85
(3,4):	7.34	2.99	2.62	3.08	2.43	2.91
[INVENTORY_COST]
(1,1):	1.71	1.41	1.94	1.24	1.34	1.13
(1,2):	1.67	1.69	1.15	1.45	1.79	1.02
(1,3):	1.48	1.12	1.95	1.32	1.57	1.63
(1,4):	1.87	1.32	1.26	1.9	1.23	1.95
(2,1):	1.39	1.93	1.8	1.56	1.5	1.77
(2,2):	1.85	1.87	1.77	1.81	1.68	1.31
(2,3):	1.65	1.99	1.75	1.53	1.23	1.97
(2,4):	1.05	1.5	1.97	1.51	1.76	1.45
(3,1):	1.36	1.13	1.93	1.7	1.69	1.45
(3,2):	1.15	1.6	1.63	1.16	1.07	1.3
(3,3):	1.15	1.74	1.39	1.39	1.24	1.62
(3,4):	1.02	1.4	1.25	1.74	1.76	1.09
[PRODUCTION_COST]
(1,1):	1.69	1.33	1.34	1.58	1.63	1.79
(1,2):	1.89	1.87	1.93	1.29	1.73	1.07
(1,3):	1.87	1.79	1.27	1.64	1.01	1.8
(1,4):	1.32	1.2	1.31	1.79	1.8	1.97
(2,1):	1.38	1.2	1.22	1.75	1.57	1.84
(2,2):	1.6	1.97	1.15	1.62	1.21	1.91
(2,3):	1.02	1.37	1.18	1.42	1.1	1.87
(2,4):	1.02	1.57	1.37	1.73	1.94	1.12
(3,1):	1.75	1.37	1.8	1.33	1.02	1.81
(3,2):	1.06	1.14	1.92	1.57	1.27	1.33
(3,3):	1.08	1.78	1.1	1.39	1.09	1.66
(3,4):	1.52	1.12	1.94	1.64	1.52	1.83
[EOD]
