3	3	6
[DEMANDS]
(1,1):	739	672	601	576	976	789
(1,2):	836	722	505	820	821	994
(1,3):	963	835	925	677	648	762
(2,1):	857	609	951	920	656	882
(2,2):	624	637	582	983	539	978
(2,3):	758	812	546	564	629	603
(3,1):	896	816	519	730	612	673
(3,2):	712	984	820	568	551	669
(3,3):	878	992	861	854	593	587
[SETUP_TIME]
1:	11.33	9.71	10.54
2:	8.81	11.23	11.15
3:	11.62	11.95	9.18
[PRODUCTION_TIME]
1:	0.09	0.08	0.1
2:	0.01	0.03	0.02
3:	0.05	0.09	0.05
[CAPACITY]
1:	282.38	314.3	229.73	354.0	336.78	259.73
2:	286.92	300.29	254.56	391.63	238.0	391.57
3:	240.31	206.71	222.85	359.87	271.94	238.52
[TRANSFER_COST]
(1,1):	2.64	2.91	3.93	2.72	3.89	3.14
(1,2):	1.35	4.79	3.43	1.19	2.56	3.6
(1,3):	2.32	2.83	2.28	2.28	4.22	2.69
(2,1):	2.32	3.01	4.21	1.53	3.41	1.2
(2,2):	2.88	2.06	1.44	4.1	1.39	3.15
(2,3):	1.61	1.22	3.43	2.58	4.42	1.79
(3,1):	4.38	2.97	1.79	1.5	1.9	4.58
(3,2):	2.38	4.3	4.91	3.22	2.65	2.96
(3,3):	2.35	2.31	2.18	2.88	4.1	1.01
[SETUP_COST]
(1,1):	6.13	6.35	7.76	2.24	5.02	1.97
(1,2):	9.19	3.81	3.54	8.69	9.05	7.6
(1,3):	3.36	7.13	4.05	3.8	4.34	5.19
(2,1):	2.69	2.2	1.93	9.04	6.7	2.66
(2,2):	5.0	4.57	3.03	6.54	3.52	4.48
(2,3):	3.27	3.37	2.59	5.78	3.05	1.09
(3,1):	5.48	8.93	9.77	1.25	9.84	1.02
(3,2):	6.48	8.75	7.37	4.29	4.17	4.75
(3,3):	8.45	2.74	1.83	5.24	9.45	6.84
[INVENTORY_COST]
(1,1):	1.91	1.66	1.18	1.02	1.74	1.36
(1,2):	1.79	1.91	1.21	1.85	1.48	1.37
(1,3):	1.91	1.27	1.82	1.41	1.2	1.01
(2,1):	1.1	1.96	1.48	1.01	1.12	1.4
(2,2):	1.24	1.12	1.93	1.01	1.38	1.87
(2,3):	1.6	1.66	1.26	1.63	1.15	1.19
(3,1):	1.94	1.87	1.51	1.2	1.73	1.32
(3,2):	1.53	1.06	1.07	1.05	1.93	1.6
(3,3):	1.26	1.91	1.32	1.19	1.07	1.08
[PRODUCTION_COST]
(1,1):	1.39	1.66	1.22	1.81	1.89	1.11
(1,2):	1.08	1.3	1.34	1.8	1.76	1.45
(1,3):	1.54	1.66	1.39	1.46	1.42	1.85
(2,1):	1.9	1.22	1.85	1.4	1.09	1.7
(2,2):	1.21	1.8	1.51	1.53	1.04	1.42
(2,3):	1.75	1.24	1.97	1.33	1.05	1.14
(3,1):	1.06	1.34	1.52	1.87	1.51	1.47
(3,2):	1.07	1.64	1.96	1.7	1.24	1.55
(3,3):	1.58	1.09	1.5	1.16	1.43	1.72
[EOD]
