5	3	5
[DEMANDS]
(1,1):	760	705	785	895	769
(1,2):	587	886	925	618	606
(1,3):	756	787	711	917	677
(2,1):	681	998	922	723	952
(2,2):	809	801	837	944	716
(2,3):	539	583	805	940	536
(3,1):	663	780	981	830	922
(3,2):	710	810	700	968	541
(3,3):	839	896	768	745	641
(4,1):	502	594	763	733	579
(4,2):	830	987	640	993	923
(4,3):	935	865	939	886	886
(5,1):	554	854	524	930	989
(5,2):	817	571	964	591	528
(5,3):	534	530	632	938	528
[SETUP_TIME]
1:	11.12	10.59	11.71
2:	11.67	11.1	11.63
3:	11.82	10.95	8.53
4:	9.74	10.21	8.09
5:	8.08	11.95	9.58
[PRODUCTION_TIME]
1:	0.09	0.06	0.09
2:	0.06	0.05	0.04
3:	0.03	0.05	0.1
4:	0.07	0.1	0.01
5:	0.06	0.05	0.07
[CAPACITY]
1:	399.37	217.03	275.68	204.42	237.86
2:	258.87	366.85	267.85	202.6	383.76
3:	308.87	313.68	361.85	384.06	349.23
[TRANSFER_COST]
(1,1):	4.17	4.19	4.03	3.28	1.5
(1,2):	2.46	2.85	3.47	3.0	4.34
(1,3):	3.98	1.69	4.67	3.85	2.79
(2,1):	3.67	3.6	1.29	4.37	3.88
(2,2):	4.38	3.49	4.17	2.32	2.83
(2,3):	1.11	1.93	3.98	3.82	2.15
(3,1):	3.72	4.73	3.49	4.7	1.4
(3,2):	3.64	4.21	1.3	4.31	4.34
(3,3):	4.51	4.74	2.85	2.11	3.27
[SETUP_COST]
(1,1):	6.96	6.53	4.6	1.35	1.36
(1,2):	4.02	3.5	8.68	2.06	2.68
(1,3):	3.6	5.61	2.66	5.8	8.41
(2,1):	5.95	8.66	5.5	7.81	5.21
(2,2):	7.58	2.87	8.52	2.16	2.79
(2,3):	7.7	9.66	3.64	2.41	5.83
(3,1):	6.9	5.99	1.9	3.48	1.66
(3,2):	3.4	8.74	3.22	1.68	8.59
(3,3):	1.11	3.65	9.8	1.59	1.58
(4,1):	6.92	8.77	6.68	3.7	3.95
(4,2):	8.03	8.57	9.84	5.83	8.39
(4,3):	3.5	1.83	3.83	6.78	3.29
(5,1):	3.74	3.65	5.79	4.29	5.12
(5,2):	2.09	6.44	2.6	2.13	7.5
(5,3):	6.42	9.69	4.62	4.37	2.39
[INVENTORY_COST]
(1,1):	1.89	1.53	1.88	1.2	1.9
(1,2):	1.94	1.69	1.13	1.18	1.72
(1,3):	1.03	1.67	1.71	1.99	1.45
(2,1):	1.44	1.85	1.84	1.85	1.15
(2,2):	1.98	1.67	1.97	1.32	1.6
(2,3):	1.35	1.8	1.66	1.71	1.93
(3,1):	1.14	1.13	1.63	1.64	1.29
(3,2):	1.13	1.68	1.37	1.17	1.76
(3,3):	1.19	1.82	1.38	1.97	1.32
(4,1):	1.86	1.6	1.66	1.3	1.38
(4,2):	1.09	1.5	1.7	1.41	1.1
(4,3):	1.79	1.02	1.4	1.18	1.33
(5,1):	1.27	1.69	1.31	1.01	1.35
(5,2):	1.65	1.11	1.95	1.5	1.93
(5,3):	1.07	1.89	1.27	1.1	1.3
[PRODUCTION_COST]
(1,1):	1.47	1.55	1.61	1.29	1.53
(1,2):	1.57	1.59	1.1	1.85	1.28
(1,3):	1.54	1.0	1.75	1.63	1.13
(2,1):	1.46	1.44	1.38	1.04	1.77
(2,2):	1.72	1.9	1.31	1.68	1.93
(2,3):	1.79	1.61	1.69	1.09	1.48
(3,1):	1.32	1.1	1.35	1.71	1.88
(3,2):	1.22	1.33	1.7	1.53	1.69
(3,3):	1.28	1.89	1.54	1.98	1.59
(4,1):	1.97	1.61	1.58	1.9	1.2
(4,2):	1.78	1.99	1.55	1.28	1.54
(4,3):	1.12	1.04	1.72	1.23	1.66
(5,1):	1.07	1.95	1.21	1.9	1.53
(5,2):	1.14	1.62	1.36	1.73	1.99
(5,3):	1.14	1.27	1.77	1.71	1.92
[EOD]
