5	4	3
[DEMANDS]
(1,1):	944	815	751
(1,2):	971	651	997
(1,3):	918	916	994
(1,4):	529	744	666
(2,1):	680	931	735
(2,2):	671	915	828
(2,3):	911	906	551
(2,4):	893	713	945
(3,1):	801	690	651
(3,2):	510	890	772
(3,3):	875	928	605
(3,4):	623	597	997
(4,1):	743	608	693
(4,2):	520	661	854
(4,3):	918	626	734
(4,4):	643	671	747
(5,1):	798	945	904
(5,2):	836	712	519
(5,3):	593	677	990
(5,4):	762	938	735
[SETUP_TIME]
1:	9.31	8.41	8.62	8.86
2:	10.94	11.55	9.75	10.03
3:	11.8	9.89	9.78	9.84
4:	10.96	8.11	10.79	8.54
5:	8.85	9.52	11.55	9.95
[PRODUCTION_TIME]
1:	0.06	0.03	0.01	0.09
2:	0.02	0.07	0.06	0.07
3:	0.07	0.05	0.04	0.09
4:	0.02	0.01	0.01	0.03
5:	0.03	0.04	0.08	0.1
[CAPACITY]
1:	319.72	293.69	358.96
2:	271.36	278.47	333.91
3:	303.47	332.94	240.37
4:	361.62	368.0	218.17
[TRANSFER_COST]
(1,1):	4.89	4.99	2.82
(1,2):	3.95	4.19	1.54
(1,3):	4.72	2.1	3.22
(1,4):	2.47	4.21	4.99
(2,1):	4.9	4.65	1.85
(2,2):	2.67	4.45	3.77
(2,3):	2.11	2.25	2.13
(2,4):	4.6	3.25	3.12
(3,1):	1.24	3.57	2.53
(3,2):	3.79	1.28	1.04
(3,3):	2.71	3.49	1.14
(3,4):	3.99	1.95	2.39
(4,1):	2.0	4.08	3.62
(4,2):	1.26	2.03	3.03
(4,3):	3.6	1.1	2.96
(4,4):	1.78	4.92	2.96
[SETUP_COST]
(1,1):	7.23	2.56	9.91
(1,2):	4.81	4.42	1.37
(1,3):	6.89	7.2	5.21
(1,4):	7.87	9.59	1.36
(2,1):	1.19	6.39	1.73
(2,2):	9.68	6.02	7.52
(2,3):	4.84	2.26	2.32
(2,4):	3.63	7.09	9.51
(3,1):	6.98	1.25	8.77
(3,2):	2.58	1.03	5.44
(3,3):	3.01	3.43	1.19
(3,4):	6.56	9.06	6.15
(4,1):	6.82	1.99	1.9
(4,2):	8.44	4.68	3.15
(4,3):	3.66	9.72	5.88
(4,4):	8.21	8.23	3.51
(5,1):	3.0	9.86	4.85
(5,2):	7.61	5.09	3.28
(5,3):	6.38	7.62	8.14
(5,4):	9.4	4.21	6.83
[INVENTORY_COST]
(1,1):	1.71	1.51	1.72
(1,2):	1.63	1.87	1.02
(1,3):	1.29	1.89	1.4
(1,4):	1.74	1.17	1.86
(2,1):	1.42	1.41	1.6
(2,2):	2.0	1.56	1.43
(2,3):	1.6	1.15	1.58
(2,4):	1.16	1.04	1.55
(3,1):	1.46	1.9	1.55
(3,2):	1.48	1.26	1.91
(3,3):	1.18	1.91	1.6
(3,4):	1.29	1.94	1.75
(4,1):	1.64	1.02	1.05
(4,2):	1.92	1.3	1.78
(4,3):	1.85	1.02	1.74
(4,4):	1.34	1.79	1.56
(5,1):	1.28	1.99	1.87
(5,2):	1.63	1.68	1.61
(5,3):	1.99	1.58	1.21
(5,4):	1.12	1.91	1.28
[PRODUCTION_COST]
(1,1):	1.27	1.11	1.36
(1,2):	1.13	1.94	2.0
(1,3):	1.49	1.71	1.8
(1,4):	1.96	1.64	1.03
(2,1):	1.08	1.38	1.62
(2,2):	1.39	1.99	1.41
(2,3):	1.7	1.1	1.6
(2,4):	1.89	1.96	1.68
(3,1):	1.31	1.02	1.83
(3,2):	1.6	1.35	1.71
(3,3):	1.85	1.31	1.28
(3,4):	1.68	1.17	1.26
(4,1):	1.79	1.32	1.49
(4,2):	1.98	1.76	1.86
(4,3):	1.12	1.19	1.19
(4,4):	1.74	1.42	1.02
(5,1):	1.8	1.73	1.93
(5,2):	1.82	1.68	1.21
(5,3):	1.57	1.93	1.08
(5,4):	1.69	1.26	1.13
[EOD]
