5	4	6
[DEMANDS]
(1,1):	995	927	688	664	708	564
(1,2):	921	817	900	664	711	627
(1,3):	864	625	925	718	865	908
(1,4):	993	673	537	688	872	729
(2,1):	837	802	734	505	867	944
(2,2):	799	982	889	926	529	993
(2,3):	882	574	713	846	570	863
(2,4):	787	902	892	845	749	763
(3,1):	991	762	752	878	693	720
(3,2):	671	609	538	712	582	875
(3,3):	931	876	745	634	774	996
(3,4):	790	947	539	782	823	970
(4,1):	698	709	827	642	667	667
(4,2):	910	588	732	688	758	916
(4,3):	906	996	582	948	509	723
(4,4):	829	554	779	690	805	873
(5,1):	501	617	547	662	733	894
(5,2):	963	886	606	543	797	657
(5,3):	913	785	633	696	964	687
(5,4):	985	979	612	956	967	960
[SETUP_TIME]
1:	8.67	9.39	8.76	10.45
2:	8.48	10.33	8.58	11.05
3:	10.58	9.07	9.13	10.56
4:	11.03	9.7	9.55	11.83
5:	8.1	11.39	10.76	11.46
[PRODUCTION_TIME]
1:	0.05	0.05	0.01	0.02
2:	0.04	0.06	0.09	0.04
3:	0.06	0.05	0.03	0.05
4:	0.06	0.03	0.1	0.04
5:	0.07	0.04	0.06	0.05
[CAPACITY]
1:	385.02	233.45	239.98	312.36	322.09	366.09
2:	331.68	318.0	340.17	315.67	282.93	346.33
3:	340.59	273.92	273.99	209.13	347.24	380.96
4:	301.12	357.5	349.15	389.58	381.37	206.97
[TRANSFER_COST]
(1,1):	1.04	1.79	3.45	4.74	3.76	2.59
(1,2):	1.46	2.69	2.67	3.83	1.24	4.57
(1,3):	1.52	1.75	4.85	1.75	4.16	1.98
(1,4):	2.91	3.5	1.08	3.46	1.8	2.98
(2,1):	2.38	3.34	1.3	3.18	1.04	2.15
(2,2):	2.9	2.01	2.98	2.36	3.56	3.2
(2,3):	2.21	4.73	1.56	1.76	4.55	2.47
(2,4):	2.65	3.66	1.94	1.39	3.53	2.45
(3,1):	3.71	4.91	1.48	5.0	1.54	2.79
(3,2):	2.75	2.97	1.12	4.43	1.86	3.32
(3,3):	2.14	4.24	4.95	2.72	3.2	2.29
(3,4):	1.4	2.32	3.73	1.31	1.07	2.66
(4,1):	4.58	3.89	4.67	4.53	4.98	2.66
(4,2):	4.21	2.66	4.9	2.22	1.96	2.17
(4,3):	4.58	1.02	1.9	1.37	3.29	2.97
(4,4):	3.53	4.25	4.88	2.54	2.38	1.77
[SETUP_COST]
(1,1):	4.5	7.25	9.64	9.86	2.92	2.1
(1,2):	1.06	3.0	3.27	5.36	4.28	2.87
(1,3):	6.64	3.76	3.67	6.26	6.55	6.85
(1,4):	3.77	9.46	8.88	7.99	9.22	5.36
(2,1):	7.55	8.5	3.07	5.73	5.66	8.02
(2,2):	1.22	4.1	7.67	4.21	2.66	4.91
(2,3):	6.18	2.94	3.04	2.33	6.38	7.71
(2,4):	5.26	3.25	3.54	2.59	4.15	8.91
(3,1):	4.93	9.32	2.77	8.88	8.22	1.95
(3,2):	1.54	7.42	9.96	8.02	5.89	5.7
(3,3):	7.06	6.06	2.31	3.02	3.97	3.66
(3,4):	6.16	2.6	2.74	5.22	5.57	7.24
(4,1):	5.85	9.55	2.82	1.42	9.59	5.23
(4,2):	9.15	4.77	9.95	7.05	2.7	9.23
(4,3):	1.9	8.04	2.62	6.1	5.62	6.38
(4,4):	2.6	9.06	8.13	8.07	8.96	6.02
(5,1):	2.57	5.43	3.14	6.91	6.92	4.75
(5,2):	8.43	9.55	7.84	7.47	6.22	9.75
(5,3):	8.13	8.21	4.28	7.44	1.94	2.23
(5,4):	9.48	2.06	8.06	4.48	7.28	1.69
[INVENTORY_COST]
(1,1):	1.47	1.26	1.67	1.68	1.86	1.77
(1,2):	1.07	1.52	1.92	1.25	1.47	1.07
(1,3):	1.4	1.4	1.34	1.8	1.62	1.92
(1,4):	1.56	1.24	1.77	1.45	1.72	1.79
(2,1):	1.68	1.01	1.11	1.58	1.65	1.52
(2,2):	1.47	1.0	1.95	1.51	1.8	1.92
(2,3):	1.37	1.18	1.4	1.66	1.15	1.19
(2,4):	1.46	1.38	1.94	1.28	1.07	1.94
(3,1):	1.75	1.09	1.53	1.3	1.36	1.61
(3,2):	1.91	1.87	1.07	1.02	1.16	1.97
(3,3):	1.75	1.6	1.63	1.55	1.51	1.17
(3,4):	1.39	1.04	1.96	1.27	1.63	1.69
(4,1):	1.04	1.05	1.73	1.05	1.93	1.06
(4,2):	1.18	1.97	1.29	1.01	1.1	1.91
(4,3):	1.04	1.37	1.95	1.14	1.1	1.09
(4,4):	1.55	1.24	1.8	1.55	1.43	1.71
(5,1):	1.61	1.14	1.33	1.29	1.32	1.32
(5,2):	1.32	1.67	1.73	1.48	1.23	1.77
(5,3):	1.82	1.12	1.14	1.79	1.43	1.77
(5,4):	1.44	1.97	1.48	1.32	1.67	1.68
[PRODUCTION_COST]
(1,1):	1.16	1.93	1.7	1.19	1.58	1.96
(1,2):	1.62	1.58	1.68	2.0	1.5	1.68
(1,3):	1.91	1.44	1.18	1.6	1.1	1.38
(1,4):	1.41	1.5	1.93	1.29	1.98	1.75
(2,1):	1.57	1.94	1.34	1.65	1.89	1.26
(2,2):	1.48	1.57	1.84	1.7	2.0	1.15
(2,3):	1.92	1.38	1.37	1.0	1.72	1.23
(2,4):	1.83	1.97	1.46	1.05	1.94	1.57
(3,1):	1.02	1.2	1.62	1.62	1.46	1.21
(3,2):	1.03	1.71	1.47	1.36	1.09	1.98
(3,3):	1.03	1.89	1.48	1.23	1.85	1.78
(3,4):	1.25	1.88	1.9	1.42	1.2	1.26
(4,1):	1.06	1.2	1.36	1.23	1.9	1.12
(4,2):	1.37	1.53	1.02	1.05	1.89	1.84
(4,3):	1.98	1.39	1.49	1.21	1.26	1.81
(4,4):	1.49	1.87	1.24	1.81	1.37	1.25
(5,1):	1.1	1.67	1.54	1.57	1.72	1.86
(5,2):	1.81	1.64	1.97	1.07	1.92	1.99
(5,3):	1.1	1.63	1.78	1.97	1.24	1.24
(5,4):	1.13	1.58	1.29	1.22	1.18	1.38
[EOD]
