5	4	5
[DEMANDS]
(1,1):	933	677	665	826	686
(1,2):	744	640	720	785	759
(1,3):	523	545	999	695	897
(1,4):	733	564	822	847	879
(2,1):	943	563	557	854	811
(2,2):	913	707	939	563	841
(2,3):	545	909	563	551	818
(2,4):	618	989	937	586	583
(3,1):	516	710	603	863	957
(3,2):	514	845	901	884	934
(3,3):	570	991	546	939	901
(3,4):	619	506	969	799	853
(4,1):	575	794	858	648	977
(4,2):	943	904	814	932	518
(4,3):	695	862	728	806	997
(4,4):	648	623	923	634	962
(5,1):	509	502	753	527	921
(5,2):	679	579	592	579	691
(5,3):	859	563	780	943	510
(5,4):	640	778	885	794	830
[SETUP_TIME]
1:	11.14	11.08	8.32	8.87
2:	11.89	8.33	11.54	8.19
3:	8.35	10.21	11.97	10.54
4:	10.02	9.83	11.71	10.42
5:	8.39	9.45	11.0	11.18
[PRODUCTION_TIME]
1:	0.1	0.07	0.02	0.06
2:	0.07	0.02	0.02	0.1
3:	0.08	0.03	0.07	0.1
4:	0.05	0.02	0.05	0.03
5:	0.05	0.04	0.07	0.05
[CAPACITY]
1:	220.15	231.97	332.31	325.91	274.08
2:	365.44	202.63	287.66	322.24	243.93
3:	233.87	295.67	204.02	201.0	269.49
4:	243.49	331.67	234.93	392.6	252.16
[TRANSFER_COST]
(1,1):	3.86	1.63	2.62	3.31	4.48
(1,2):	1.28	2.15	1.57	4.45	3.42
(1,3):	2.54	1.67	2.31	3.39	1.87
(1,4):	2.41	2.38	4.19	3.58	1.2
(2,1):	4.78	4.55	2.67	2.1	1.62
(2,2):	1.47	4.34	4.6	2.97	4.7
(2,3):	4.27	2.74	3.52	2.51	4.4
(2,4):	1.14	4.15	3.56	1.16	3.66
(3,1):	2.09	1.68	4.89	2.14	3.02
(3,2):	1.29	4.99	3.26	4.96	4.12
(3,3):	1.08	4.51	1.23	3.98	3.94
(3,4):	1.62	3.55	1.08	3.77	1.25
(4,1):	1.31	3.23	4.46	4.21	3.68
(4,2):	3.99	2.37	2.36	1.13	2.48
(4,3):	2.44	2.48	2.44	4.05	2.4
(4,4):	1.82	1.21	2.35	2.05	2.17
[SETUP_COST]
(1,1):	4.91	5.7	2.93	6.56	1.63
(1,2):	8.45	1.5	3.53	5.59	2.39
(1,3):	6.04	9.47	3.7	7.69	3.85
(1,4):	3.47	6.64	2.24	3.6	6.5
(2,1):	3.57	6.27	6.86	7.88	1.64
(2,2):	5.63	1.22	3.98	5.25	3.04
(2,3):	9.14	4.97	1.29	8.5	2.5
(2,4):	7.69	1.06	5.32	4.83	9.58
(3,1):	5.8	6.15	8.28	2.38	6.53
(3,2):	1.02	3.78	8.01	4.45	9.89
(3,3):	4.33	8.9	1.14	3.75	6.91
(3,4):	5.53	7.78	4.86	3.68	4.42
(4,1):	9.91	2.62	3.02	1.99	1.01
(4,2):	4.18	6.18	3.09	6.95	3.52
(4,3):	5.28	1.06	6.85	6.13	2.57
(4,4):	4.25	5.99	7.74	6.18	2.96
(5,1):	9.08	1.17	6.65	6.12	5.56
(5,2):	8.87	3.99	8.04	7.82	7.66
(5,3):	4.15	6.93	4.07	4.11	9.9
(5,4):	1.6	3.9	6.01	5.0	6.3
[INVENTORY_COST]
(1,1):	1.88	1.36	1.66	1.53	1.64
(1,2):	1.17	1.78	1.04	1.09	1.78
(1,3):	1.64	1.89	1.71	1.05	1.73
(1,4):	1.01	1.82	1.19	1.9	1.04
(2,1):	1.53	1.37	1.64	1.64	1.65
(2,2):	1.8	1.45	1.68	1.08	1.44
(2,3):	1.6	1.51	1.81	1.65	1.78
(2,4):	1.27	1.42	1.33	1.59	1.42
(3,1):	1.79	1.54	1.04	1.66	1.6
(3,2):	1.39	1.71	1.93	1.19	1.44
(3,3):	1.02	1.68	1.13	1.41	1.31
(3,4):	1.03	1.68	1.73	1.62	1.13
(4,1):	1.88	1.61	1.07	1.63	1.42
(4,2):	1.76	1.11	1.92	1.73	1.67
(4,3):	1.05	1.23	1.11	1.38	1.71
(4,4):	1.1	1.65	1.63	1.34	1.72
(5,1):	1.46	1.95	1.17	1.24	1.68
(5,2):	1.35	1.23	1.19	1.74	1.37
(5,3):	1.28	1.14	1.64	1.59	1.81
(5,4):	1.49	1.12	1.76	1.85	1.04
[PRODUCTION_COST]
(1,1):	1.51	1.44	1.61	1.58	1.14
(1,2):	1.95	1.76	1.59	1.58	1.25
(1,3):	1.16	1.94	1.18	1.56	1.87
(1,4):	1.99	1.05	1.82	1.35	1.7
(2,1):	1.54	1.22	1.15	1.99	1.06
(2,2):	1.15	1.7	1.15	1.24	1.01
(2,3):	1.31	1.27	1.11	1.46	1.88
(2,4):	1.3	1.29	1.84	1.52	1.12
(3,1):	1.9	1.75	1.42	1.81	1.65
(3,2):	1.25	1.03	1.63	1.03	1.76
(3,3):	1.4	1.43	1.33	1.47	1.84
(3,4):	1.08	1.87	1.31	1.1	1.69
(4,1):	1.42	1.9	1.42	1.09	1.33
(4,2):	1.18	1.76	1.28	1.49	1.55
(4,3):	1.57	1.93	1.39	1.98	1.4
(4,4):	1.02	1.41	1.25	1.23	1.21
(5,1):	1.84	1.45	1.74	1.97	1.26
(5,2):	1.55	1.75	1.61	1.59	1.88
(5,3):	1.29	1.1	1.87	1.54	1.9
(5,4):	1.63	1.9	1.48	1.85	1.35
[EOD]
