5	3	6
[DEMANDS]
(1,1):	816	851	969	820	833	879
(1,2):	734	803	750	864	884	992
(1,3):	912	895	829	893	968	998
(2,1):	955	589	695	538	553	771
(2,2):	808	678	657	740	999	675
(2,3):	886	777	695	618	771	921
(3,1):	986	923	651	692	723	820
(3,2):	553	871	869	983	708	869
(3,3):	907	853	922	879	830	997
(4,1):	781	862	753	803	668	766
(4,2):	509	629	926	538	559	708
(4,3):	930	556	815	749	672	836
(5,1):	600	702	511	500	583	514
(5,2):	864	813	612	829	928	528
(5,3):	643	799	824	592	502	524
[SETUP_TIME]
1:	8.94	11.34	9.71
2:	10.0	11.55	9.57
3:	11.63	10.81	10.14
4:	9.76	9.62	10.25
5:	9.77	11.76	11.75
[PRODUCTION_TIME]
1:	0.01	0.05	0.05
2:	0.03	0.06	0.03
3:	0.08	0.03	0.07
4:	0.09	0.08	0.1
5:	0.02	0.01	0.08
[CAPACITY]
1:	202.18	356.31	361.33	399.2	248.42	332.64
2:	389.27	341.94	319.07	379.8	209.48	362.77
3:	204.44	242.8	206.56	240.97	264.1	384.29
[TRANSFER_COST]
(1,1):	4.34	1.59	3.19	4.65	1.27	2.18
(1,2):	4.67	3.94	1.55	2.18	2.24	3.76
(1,3):	1.72	4.69	1.66	4.54	2.54	2.58
(2,1):	3.76	4.97	3.04	3.24	4.48	3.96
(2,2):	3.39	4.23	4.22	1.82	2.1	2.48
(2,3):	2.51	2.68	2.89	4.66	4.38	1.69
(3,1):	4.17	1.24	3.49	1.31	4.48	4.57
(3,2):	2.15	1.73	1.57	3.53	2.27	2.43
(3,3):	1.68	1.66	4.62	4.43	2.97	4.69
[SETUP_COST]
(1,1):	3.34	7.36	7.09	8.01	1.71	1.65
(1,2):	7.88	1.8	8.42	1.59	2.17	5.37
(1,3):	8.55	1.04	3.99	4.55	6.06	3.35
(2,1):	1.85	1.73	9.22	3.92	7.13	7.97
(2,2):	6.32	5.94	2.04	4.15	9.32	6.54
(2,3):	7.63	5.84	1.51	2.43	9.75	1.32
(3,1):	3.83	9.64	3.93	7.71	2.6	5.03
(3,2):	1.96	5.72	5.22	9.11	5.22	3.24
(3,3):	7.79	1.97	1.6	5.08	8.88	7.25
(4,1):	1.75	7.35	4.28	1.4	2.09	6.16
(4,2):	8.09	3.65	4.79	9.69	5.33	1.78
(4,3):	6.77	6.15	1.1	2.89	2.66	7.43
(5,1):	6.63	8.61	9.11	5.66	7.76	4.54
(5,2):	5.56	7.82	4.83	2.14	8.34	2.87
(5,3):	1.4	3.69	8.0	5.6	1.43	1.09
[INVENTORY_COST]
(1,1):	1.11	1.19	1.22	1.92	1.57	1.37
(1,2):	1.78	1.6	1.59	1.34	1.44	1.53
(1,3):	1.02	1.5	1.61	1.58	1.5	1.2
(2,1):	1.18	1.21	1.97	1.23	1.28	1.5
(2,2):	1.05	1.11	1.25	1.9	1.42	1.89
(2,3):	1.1	1.16	1.51	1.61	1.07	1.19
(3,1):	1.04	1.33	1.49	1.19	1.64	1.46
(3,2):	1.11	1.83	1.9	1.61	1.05	1.44
(3,3):	1.36	1.44	1.86	1.64	1.49	1.64
(4,1):	1.37	1.67	1.11	1.02	1.9	1.43
(4,2):	1.7	2.0	1.56	1.65	1.39	1.07
(4,3):	1.52	1.85	1.97	1.38	1.48	1.16
(5,1):	1.36	1.87	1.04	1.19	1.66	1.92
(5,2):	1.92	1.66	1.51	1.86	1.12	1.07
(5,3):	1.64	1.05	1.95	1.01	1.75	1.53
[PRODUCTION_COST]
(1,1):	1.25	1.4	1.42	1.58	1.73	1.49
(1,2):	1.89	1.51	1.23	1.67	1.39	1.69
(1,3):	1.03	1.26	1.34	1.6	1.44	1.94
(2,1):	1.76	1.49	1.32	1.43	1.98	1.25
(2,2):	1.68	1.78	1.3	1.31	1.74	1.83
(2,3):	1.81	1.86	1.26	1.05	1.08	1.71
(3,1):	1.61	1.52	1.98	1.14	1.85	1.93
(3,2):	1.65	1.17	1.4	1.3	1.78	1.72
(3,3):	1.32	1.34	1.06	1.87	1.47	1.33
(4,1):	1.2	1.41	1.02	1.53	1.27	1.02
(4,2):	1.21	1.86	1.54	1.88	1.92	1.04
(4,3):	1.57	1.24	1.99	1.3	1.19	1.33
(5,1):	1.31	1.69	1.72	1.64	1.06	1.96
(5,2):	1.15	1.21	1.76	1.58	1.96	1.26
(5,3):	1.86	1.56	1.69	1.45	1.38	1.47
[EOD]
