10	3	6
[DEMANDS]
(1,1):	683	773	877	963	819	663
(1,2):	569	727	833	601	683	643
(1,3):	531	824	840	952	645	698
(2,1):	912	747	630	851	647	611
(2,2):	936	843	814	628	936	914
(2,3):	901	569	662	944	698	958
(3,1):	821	730	587	611	587	722
(3,2):	635	675	897	635	664	536
(3,3):	704	815	939	890	667	628
(4,1):	641	799	973	687	828	990
(4,2):	551	811	830	826	650	529
(4,3):	866	859	922	741	642	616
(5,1):	787	619	543	991	810	589
(5,2):	671	810	736	538	521	949
(5,3):	834	905	591	941	769	973
(6,1):	573	683	574	604	665	747
(6,2):	553	719	613	632	896	585
(6,3):	573	728	618	739	835	591
(7,1):	774	889	576	943	517	897
(7,2):	939	598	648	684	532	726
(7,3):	683	526	648	770	670	817
(8,1):	628	523	806	881	888	873
(8,2):	756	649	863	582	918	897
(8,3):	829	759	660	643	853	837
(9,1):	892	632	552	683	674	961
(9,2):	718	544	702	993	685	596
(9,3):	744	623	649	576	776	566
(10,1):	981	658	883	672	852	722
(10,2):	929	934	674	665	696	866
(10,3):	621	583	771	847	874	883
[SETUP_TIME]
1:	10.87	8.56	10.43
2:	9.58	9.56	9.32
3:	8.89	10.51	11.65
4:	8.14	10.29	8.55
5:	11.6	9.63	8.82
6:	8.52	10.45	9.99
7:	11.71	10.11	9.44
8:	9.48	8.18	11.3
9:	10.59	8.82	11.26
10:	11.88	11.18	8.95
[PRODUCTION_TIME]
1:	0.03	0.03	0.09
2:	0.01	0.06	0.09
3:	0.05	0.07	0.03
4:	0.07	0.05	0.02
5:	0.09	0.01	0.06
6:	0.06	0.05	0.05
7:	0.01	0.09	0.1
8:	0.05	0.05	0.03
9:	0.02	0.08	0.05
10:	0.02	0.08	0.04
[CAPACITY]
1:	302.34	353.57	277.97	298.81	346.3	221.07
2:	221.14	398.92	274.69	258.97	361.09	349.56
3:	333.88	301.75	389.12	316.97	378.22	319.52
[TRANSFER_COST]
(1,1):	2.38	1.13	3.79	3.8	2.86	1.13
(1,2):	2.65	2.07	3.75	2.79	2.84	3.21
(1,3):	3.78	4.54	2.27	3.67	1.79	4.91
(2,1):	1.39	4.4	4.05	2.69	3.74	3.83
(2,2):	4.31	1.28	1.01	4.7	4.48	4.52
(2,3):	3.33	1.42	2.83	1.02	1.18	2.66
(3,1):	3.89	2.53	4.9	4.51	2.17	2.93
(3,2):	2.03	1.08	1.66	4.45	4.43	2.54
(3,3):	2.77	4.53	4.31	1.89	3.95	3.06
[SETUP_COST]
(1,1):	1.46	8.67	8.22	2.55	3.46	1.8
(1,2):	3.34	7.57	3.36	1.7	3.73	9.28
(1,3):	5.42	8.8	2.76	2.49	6.46	4.78
(2,1):	7.71	2.82	4.11	6.67	4.32	5.01
(2,2):	7.0	2.43	2.31	7.05	5.28	2.9
(2,3):	6.56	2.22	7.0	6.17	8.5	2.76
(3,1):	7.61	8.64	4.11	6.29	6.97	1.75
(3,2):	4.62	3.48	9.41	4.11	9.29	4.56
(3,3):	3.99	4.1	3.29	10.0	2.53	9.55
(4,1):	8.27	5.01	8.04	4.81	5.38	9.0
(4,2):	2.09	4.07	8.44	4.9	1.07	9.42
(4,3):	9.45	4.55	9.22	8.23	3.52	5.65
(5,1):	4.92	2.3	5.26	4.3	2.79	1.13
(5,2):	5.18	5.07	5.87	1.08	7.89	2.07
(5,3):	4.87	1.84	5.27	7.09	3.59	5.61
(6,1):	3.93	5.17	3.74	8.15	4.67	9.52
(6,2):	4.43	7.73	8.67	3.97	3.4	5.0
(6,3):	1.96	7.15	7.57	7.7	4.21	6.34
(7,1):	4.56	1.74	9.18	9.37	1.46	4.04
(7,2):	1.96	6.61	1.89	3.85	4.94	9.2
(7,3):	6.44	7.54	7.25	6.78	1.71	8.35
(8,1):	3.41	2.97	7.88	8.0	2.17	3.5
(8,2):	2.55	5.52	2.85	2.61	1.46	6.79
(8,3):	6.42	6.19	3.79	3.83	4.9	5.58
(9,1):	2.92	5.26	2.44	7.73	2.95	4.42
(9,2):	2.23	9.67	7.55	1.32	4.36	4.81
(9,3):	3.33	9.18	4.02	6.86	8.99	4.57
(10,1):	2.94	3.27	1.9	3.75	2.01	7.07
(10,2):	2.28	5.05	1.2	4.44	8.09	1.83
(10,3):	2.26	9.52	5.44	6.75	8.31	7.14
[INVENTORY_COST]
(1,1):	1.02	1.79	1.32	1.1	1.46	1.73
(1,2):	1.1	1.86	1.92	1.67	1.14	1.96
(1,3):	1.33	1.97	1.5	1.8	1.83	1.53
(2,1):	1.9	1.27	1.01	1.06	1.54	1.07
(2,2):	1.68	1.53	1.6	1.22	1.66	1.23
(2,3):	1.65	1.15	1.92	1.82	1.32	1.41
(3,1):	1.64	1.21	1.88	1.04	1.53	1.65
(3,2):	1.19	1.41	1.05	1.77	1.88	1.54
(3,3):	1.08	1.47	1.08	1.48	1.72	1.14
(4,1):	1.69	1.79	1.39	1.88	1.14	1.67
(4,2):	1.3	1.95	1.27	1.82	1.2	1.94
(4,3):	1.94	1.07	1.26	1.25	1.22	1.61
(5,1):	1.98	1.53	1.48	1.19	1.2	1.19
(5,2):	1.91	1.39	1.68	1.17	1.85	1.67
(5,3):	1.83	1.29	1.77	1.58	1.36	1.22
(6,1):	1.56	1.68	1.18	1.39	1.09	1.52
(6,2):	1.86	1.35	1.77	1.73	1.74	1.29
(6,3):	1.04	1.28	1.85	1.59	1.91	1.98
(7,1):	1.45	1.67	1.5	1.92	1.83	1.69
(7,2):	1.8	1.86	1.41	1.25	1.3	1.45
(7,3):	1.21	1.36	1.88	1.5	1.32	1.79
(8,1):	1.35	1.43	1.05	1.58	1.33	1.07
(8,2):	1.97	1.86	1.25	1.96	1.41	1.75
(8,3):	1.18	1.48	1.86	1.19	1.07	1.78
(9,1):	1.7	2.0	1.49	1.32	1.13	1.45
(9,2):	1.76	1.23	1.35	1.15	1.29	1.72
(9,3):	1.01	1.06	1.21	1.34	1.51	1.35
(10,1):	1.15	1.3	1.49	1.11	1.51	1.83
(10,2):	1.11	1.72	1.05	1.56	1.78	1.71
(10,3):	1.5	1.82	1.7	1.54	1.4	1.07
[PRODUCTION_COST]
(1,1):	1.97	1.85	1.1	1.0	1.89	1.92
(1,2):	1.99	1.77	1.6	1.44	1.99	1.24
(1,3):	1.05	1.55	1.49	1.36	1.05	1.24
(2,1):	1.79	1.35	1.63	1.46	1.19	1.28
(2,2):	1.18	1.48	1.17	1.62	1.97	1.37
(2,3):	1.64	1.94	1.5	1.09	1.81	1.27
(3,1):	1.2	1.96	1.68	1.18	1.77	1.33
(3,2):	1.97	1.43	1.13	1.8	1.22	1.11
(3,3):	1.81	1.24	1.19	1.12	1.89	1.85
(4,1):	1.03	1.86	1.19	1.2	1.45	1.74
(4,2):	1.76	1.68	1.56	1.24	1.26	1.06
(4,3):	1.33	1.73	1.21	1.65	1.67	1.4
(5,1):	1.29	1.46	1.72	1.47	1.58	1.02
(5,2):	1.83	1.69	1.79	1.71	1.84	1.79
(5,3):	1.1	1.06	1.55	1.11	1.82	1.28
(6,1):	1.05	1.32	1.27	1.53	1.01	1.41
(6,2):	1.27	1.54	1.61	1.05	1.68	1.9
(6,3):	1.8	1.99	1.41	1.92	1.04	1.38
(7,1):	1.41	1.86	1.93	1.07	1.74	1.5
(7,2):	1.64	1.89	1.2	1.74	1.3	1.22
(7,3):	1.56	1.99	1.93	1.04	1.38	1.52
(8,1):	1.86	1.72	1.42	1.8	1.76	1.54
(8,2):	1.79	1.08	1.41	1.41	1.02	1.61
(8,3):	1.09	1.38	1.76	1.3	1.78	1.21
(9,1):	1.87	1.68	1.33	1.99	1.38	1.0
(9,2):	1.02	1.44	1.32	1.48	1.91	1.62
(9,3):	1.08	1.39	1.11	1.03	1.28	1.1
(10,1):	1.83	1.71	1.34	1.14	1.55	1.38
(10,2):	1.71	1.37	1.31	1.78	1.65	1.08
(10,3):	1.91	1.7	1.86	1.89	1.72	1.89
[EOD]
