10	3	5
[DEMANDS]
(1,1):	941	721	737	717	820
(1,2):	717	799	918	694	714
(1,3):	816	828	757	874	864
(2,1):	712	840	655	936	819
(2,2):	695	771	672	686	853
(2,3):	881	700	610	782	605
(3,1):	752	845	639	885	888
(3,2):	571	800	919	960	688
(3,3):	920	737	859	702	604
(4,1):	784	634	593	773	662
(4,2):	713	744	942	505	775
(4,3):	891	845	994	850	553
(5,1):	972	770	712	750	782
(5,2):	547	734	859	637	663
(5,3):	732	704	809	963	903
(6,1):	606	520	715	502	778
(6,2):	580	904	977	677	860
(6,3):	685	792	508	831	779
(7,1):	976	985	524	891	746
(7,2):	784	606	691	648	838
(7,3):	508	964	585	716	802
(8,1):	740	763	667	835	757
(8,2):	904	931	687	613	933
(8,3):	570	951	670	973	985
(9,1):	864	895	643	732	573
(9,2):	773	931	874	938	939
(9,3):	507	562	934	833	923
(10,1):	960	974	686	667	942
(10,2):	538	630	831	671	805
(10,3):	666	836	856	667	681
[SETUP_TIME]
1:	10.02	10.1	11.12
2:	10.65	9.04	11.83
3:	10.24	11.33	8.47
4:	8.94	9.65	9.99
5:	10.57	11.07	8.2
6:	9.7	11.25	9.38
7:	9.13	11.75	9.9
8:	8.83	8.92	8.9
9:	11.42	10.53	9.97
10:	9.18	11.72	11.45
[PRODUCTION_TIME]
1:	0.1	0.04	0.08
2:	0.08	0.02	0.1
3:	0.02	0.03	0.04
4:	0.02	0.06	0.1
5:	0.02	0.05	0.07
6:	0.08	0.04	0.01
7:	0.05	0.01	0.06
8:	0.09	0.03	0.07
9:	0.03	0.05	0.06
10:	0.08	0.01	0.09
[CAPACITY]
1:	286.83	380.6	292.2	219.75	271.1
2:	242.27	209.41	261.78	379.73	233.09
3:	386.35	291.95	246.48	363.31	329.56
[TRANSFER_COST]
(1,1):	2.37	2.79	2.97	4.01	4.97
(1,2):	2.32	2.53	1.06	4.0	4.89
(1,3):	2.46	3.46	2.95	1.24	3.87
(2,1):	2.56	4.2	4.13	4.87	4.88
(2,2):	4.05	4.26	3.48	3.13	3.31
(2,3):	2.91	3.63	1.71	3.14	4.83
(3,1):	1.46	3.66	1.44	3.64	4.16
(3,2):	2.13	3.86	3.61	3.42	1.97
(3,3):	2.97	2.67	4.07	4.38	4.67
[SETUP_COST]
(1,1):	2.66	6.75	3.44	4.19	7.28
(1,2):	9.83	6.85	6.8	5.22	8.55
(1,3):	3.31	3.05	6.41	4.05	6.06
(2,1):	9.18	5.9	5.6	3.96	1.48
(2,2):	5.86	9.88	1.49	2.11	9.27
(2,3):	7.22	3.32	5.64	9.56	3.07
(3,1):	8.25	5.82	5.42	3.77	1.54
(3,2):	9.05	4.36	2.4	4.12	4.41
(3,3):	4.38	3.75	6.59	8.07	3.67
(4,1):	9.7	2.7	7.95	5.68	3.13
(4,2):	2.78	9.0	5.61	3.39	8.4
(4,3):	3.67	4.14	2.82	7.84	8.36
(5,1):	5.91	7.16	3.45	4.74	1.54
(5,2):	1.09	6.27	7.76	9.83	5.21
(5,3):	1.2	2.92	5.07	6.73	4.71
(6,1):	1.03	3.14	7.61	2.11	2.13
(6,2):	5.5	9.41	8.33	2.91	2.1
(6,3):	1.59	8.3	4.58	8.54	4.03
(7,1):	9.9	6.71	1.56	8.2	9.65
(7,2):	6.07	2.87	5.89	2.95	9.46
(7,3):	3.17	2.83	4.2	4.01	3.03
(8,1):	5.84	5.01	1.5	1.99	9.37
(8,2):	9.75	2.05	2.89	4.55	1.51
(8,3):	4.59	8.64	6.05	1.46	7.76
(9,1):	8.19	4.8	3.97	8.99	1.15
(9,2):	5.49	3.24	3.0	9.26	4.76
(9,3):	4.14	6.2	3.5	5.36	7.54
(10,1):	4.54	2.96	3.87	1.87	7.05
(10,2):	4.42	5.49	5.84	9.02	3.26
(10,3):	5.37	8.96	9.3	7.99	1.24
[INVENTORY_COST]
(1,1):	1.81	1.53	1.2	1.07	1.32
(1,2):	1.15	1.88	1.19	1.88	1.04
(1,3):	1.83	1.12	1.69	1.98	1.12
(2,1):	1.84	1.45	1.01	1.29	1.06
(2,2):	1.04	1.62	1.07	2.0	1.38
(2,3):	1.95	1.58	1.21	1.53	1.71
(3,1):	1.46	1.88	1.08	1.93	1.92
(3,2):	1.69	1.38	1.6	1.8	1.05
(3,3):	1.19	1.92	1.21	1.36	1.82
(4,1):	1.87	1.16	1.13	1.27	1.78
(4,2):	1.4	1.16	1.44	1.54	1.76
(4,3):	1.87	1.91	1.14	1.43	1.72
(5,1):	1.7	1.49	1.28	1.19	1.19
(5,2):	1.15	1.62	1.23	1.41	1.17
(5,3):	1.36	1.17	1.62	1.48	1.95
(6,1):	1.49	1.7	1.6	1.02	1.44
(6,2):	1.54	1.77	1.79	1.95	1.52
(6,3):	1.58	1.33	1.63	1.28	1.46
(7,1):	1.97	1.39	1.13	1.58	1.45
(7,2):	1.48	1.94	1.55	1.66	1.43
(7,3):	1.83	1.27	1.19	1.77	1.38
(8,1):	1.74	1.94	1.5	1.55	1.03
(8,2):	1.77	1.78	1.26	1.72	1.7
(8,3):	1.47	1.94	1.56	1.11	1.76
(9,1):	1.98	1.13	1.03	1.89	1.95
(9,2):	1.24	1.15	1.94	1.42	1.39
(9,3):	1.43	1.15	1.16	1.44	1.84
(10,1):	1.79	1.78	1.81	1.44	1.8
(10,2):	1.05	1.75	1.7	1.19	1.52
(10,3):	1.56	1.53	1.59	1.81	1.57
[PRODUCTION_COST]
(1,1):	1.48	1.71	1.44	1.09	1.38
(1,2):	1.69	1.31	1.89	1.67	1.88
(1,3):	1.62	1.64	1.62	1.26	1.77
(2,1):	1.7	1.96	1.98	1.33	1.26
(2,2):	1.48	1.07	1.16	1.12	1.73
(2,3):	1.64	1.17	1.39	1.05	1.58
(3,1):	1.67	1.76	1.86	1.69	1.89
(3,2):	1.14	1.97	1.23	1.05	1.32
(3,3):	1.66	1.26	1.5	1.78	1.78
(4,1):	1.3	1.37	1.63	1.86	1.91
(4,2):	1.35	1.87	1.62	1.49	1.48
(4,3):	1.22	1.85	1.09	1.39	1.61
(5,1):	1.08	1.06	1.17	1.47	1.5
(5,2):	1.09	1.27	1.57	1.87	1.2
(5,3):	1.12	1.0	1.7	1.64	1.03
(6,1):	1.76	1.93	1.89	1.65	1.91
(6,2):	1.35	1.09	1.73	1.64	1.63
(6,3):	1.18	1.22	1.13	1.96	1.01
(7,1):	1.02	1.75	1.11	1.0	1.41
(7,2):	1.01	1.62	1.04	1.15	1.5
(7,3):	1.99	1.5	1.76	1.88	1.54
(8,1):	1.96	1.2	1.47	1.29	1.29
(8,2):	1.02	1.75	1.78	1.51	1.42
(8,3):	1.68	1.23	1.29	1.24	1.8
(9,1):	1.14	1.89	1.17	1.44	1.25
(9,2):	1.37	1.67	1.1	1.16	1.02
(9,3):	1.66	1.46	1.35	1.14	2.0
(10,1):	1.8	2.0	1.79	1.55	1.75
(10,2):	1.52	1.81	1.5	1.22	1.0
(10,3):	1.93	1.79	1.26	1.61	1.74
[EOD]
