10	4	3
[DEMANDS]
(1,1):	543	698	544
(1,2):	584	977	854
(1,3):	691	827	914
(1,4):	955	758	752
(2,1):	736	820	956
(2,2):	797	518	887
(2,3):	723	768	510
(2,4):	789	573	658
(3,1):	580	858	725
(3,2):	807	721	822
(3,3):	737	789	926
(3,4):	916	978	534
(4,1):	931	826	890
(4,2):	693	573	998
(4,3):	937	512	630
(4,4):	886	665	885
(5,1):	841	949	992
(5,2):	794	979	859
(5,3):	906	911	869
(5,4):	807	611	597
(6,1):	763	921	590
(6,2):	770	571	937
(6,3):	506	796	811
(6,4):	771	813	559
(7,1):	539	712	660
(7,2):	773	537	525
(7,3):	794	746	853
(7,4):	746	685	963
(8,1):	849	928	621
(8,2):	980	733	826
(8,3):	755	863	873
(8,4):	646	988	716
(9,1):	873	730	592
(9,2):	946	634	580
(9,3):	588	979	992
(9,4):	820	868	646
(10,1):	668	698	684
(10,2):	618	508	524
(10,3):	995	673	549
(10,4):	746	838	860
[SETUP_TIME]
1:	11.55	11.94	11.65	8.52
2:	10.16	8.66	8.95	8.69
3:	11.57	10.35	10.06	11.08
4:	10.91	9.82	10.57	10.7
5:	9.34	11.45	8.69	8.31
6:	11.86	11.65	11.41	11.58
7:	8.09	10.22	10.26	11.86
8:	8.32	10.59	9.14	10.88
9:	11.78	10.75	9.71	9.64
10:	11.72	10.28	8.47	8.46
[PRODUCTION_TIME]
1:	0.08	0.08	0.05	0.05
2:	0.02	0.01	0.06	0.1
3:	0.06	0.08	0.05	0.06
4:	0.1	0.04	0.05	0.02
5:	0.09	0.04	0.03	0.08
6:	0.05	0.03	0.05	0.04
7:	0.08	0.07	0.04	0.01
8:	0.04	0.08	0.1	0.02
9:	0.02	0.09	0.08	0.06
10:	0.04	0.03	0.02	0.03
[CAPACITY]
1:	259.15	274.53	365.72
2:	353.3	317.94	213.5
3:	256.7	347.52	205.53
4:	234.83	201.34	371.02
[TRANSFER_COST]
(1,1):	4.76	1.29	1.45
(1,2):	2.48	3.35	4.71
(1,3):	1.36	2.05	4.25
(1,4):	4.81	2.61	3.95
(2,1):	4.6	3.01	3.86
(2,2):	1.72	4.52	3.74
(2,3):	4.99	2.5	1.18
(2,4):	2.37	3.43	1.32
(3,1):	4.85	1.12	2.06
(3,2):	3.47	4.22	1.34
(3,3):	4.58	2.06	3.28
(3,4):	1.36	3.73	1.17
(4,1):	2.36	3.51	2.81
(4,2):	1.32	3.57	4.82
(4,3):	1.07	3.69	4.07
(4,4):	3.13	2.52	1.51
[SETUP_COST]
(1,1):	5.64	8.58	4.45
(1,2):	1.36	2.87	2.17
(1,3):	5.63	7.49	2.8
(1,4):	8.6	8.01	5.46
(2,1):	6.96	1.75	6.66
(2,2):	7.18	4.94	7.79
(2,3):	2.9	5.86	3.2
(2,4):	3.4	1.82	2.5
(3,1):	6.02	9.02	3.57
(3,2):	3.61	1.72	6.19
(3,3):	2.07	8.59	9.5
(3,4):	6.97	3.78	8.7
(4,1):	1.01	9.09	9.83
(4,2):	1.21	8.03	9.0
(4,3):	6.85	9.71	1.07
(4,4):	1.47	1.36	9.49
(5,1):	9.5	2.04	2.97
(5,2):	5.81	7.95	5.4
(5,3):	7.67	9.17	7.8
(5,4):	3.28	4.15	7.6
(6,1):	2.89	8.73	3.27
(6,2):	6.9	3.92	3.56
(6,3):	6.32	5.06	5.98
(6,4):	2.44	5.0	6.25
(7,1):	2.22	5.46	5.08
(7,2):	9.03	5.74	6.5
(7,3):	6.9	7.44	7.76
(7,4):	1.63	5.84	2.95
(8,1):	3.29	8.99	4.92
(8,2):	6.4	9.23	7.56
(8,3):	6.08	1.99	2.77
(8,4):	4.73	5.71	4.91
(9,1):	4.69	3.64	9.48
(9,2):	9.24	4.11	6.43
(9,3):	4.38	5.84	3.0
(9,4):	1.38	7.89	1.2
(10,1):	7.26	1.11	1.15
(10,2):	3.15	8.38	3.46
(10,3):	9.65	1.49	5.73
(10,4):	1.55	2.65	8.72
[INVENTORY_COST]
(1,1):	1.26	1.19	2.0
(1,2):	1.1	1.34	1.26
(1,3):	1.83	1.92	1.45
(1,4):	1.24	1.54	1.59
(2,1):	1.12	1.3	1.63
(2,2):	1.02	1.82	1.22
(2,3):	1.91	1.34	1.2
(2,4):	1.18	1.77	1.95
(3,1):	1.33	1.92	1.9
(3,2):	1.39	1.71	1.07
(3,3):	1.41	1.03	1.5
(3,4):	1.44	1.41	1.95
(4,1):	1.94	1.09	1.81
(4,2):	1.26	1.6	1.3
(4,3):	1.26	1.32	1.39
(4,4):	1.66	1.18	1.09
(5,1):	1.24	1.47	1.4
(5,2):	1.78	1.2	1.64
(5,3):	1.79	1.28	1.87
(5,4):	1.52	1.65	1.85
(6,1):	1.33	1.76	1.52
(6,2):	1.91	1.45	1.74
(6,3):	1.04	1.76	1.54
(6,4):	1.95	1.07	1.13
(7,1):	1.8	1.59	1.78
(7,2):	1.67	1.41	1.62
(7,3):	1.45	1.53	1.7
(7,4):	1.33	1.68	1.91
(8,1):	1.22	1.98	1.33
(8,2):	1.9	1.79	1.82
(8,3):	1.19	1.18	1.57
(8,4):	1.97	1.17	1.9
(9,1):	1.28	1.78	1.7
(9,2):	1.02	1.96	1.02
(9,3):	1.56	1.83	1.22
(9,4):	1.26	1.05	1.78
(10,1):	2.0	1.17	1.49
(10,2):	1.88	1.62	1.8
(10,3):	1.94	1.88	1.08
(10,4):	1.85	1.78	1.77
[PRODUCTION_COST]
(1,1):	1.74	1.66	1.59
(1,2):	1.37	1.18	1.86
(1,3):	1.2	1.87	1.48
(1,4):	1.45	1.66	1.11
(2,1):	1.61	1.93	1.03
(2,2):	1.63	1.72	1.11
(2,3):	1.98	1.59	1.23
(2,4):	1.36	1.12	1.28
(3,1):	1.98	1.02	1.59
(3,2):	1.78	1.44	1.47
(3,3):	1.85	1.84	1.42
(3,4):	1.26	1.6	1.02
(4,1):	1.65	1.98	1.04
(4,2):	1.08	1.5	1.31
(4,3):	1.58	1.16	1.56
(4,4):	1.49	1.08	1.83
(5,1):	1.36	1.52	1.27
(5,2):	1.29	1.12	1.87
(5,3):	1.89	1.46	1.45
(5,4):	1.6	1.15	1.87
(6,1):	1.13	1.87	1.72
(6,2):	1.58	1.34	1.21
(6,3):	1.46	1.04	1.98
(6,4):	1.93	1.15	1.69
(7,1):	1.24	1.31	1.91
(7,2):	1.56	1.81	1.8
(7,3):	1.6	1.58	1.56
(7,4):	1.97	1.61	1.6
(8,1):	1.68	1.45	1.62
(8,2):	1.17	1.82	1.29
(8,3):	1.84	1.49	1.46
(8,4):	1.79	1.1	1.92
(9,1):	1.58	1.96	1.99
(9,2):	1.62	1.17	1.99
(9,3):	1.35	1.39	1.39
(9,4):	1.73	1.86	1.24
(10,1):	1.7	1.24	1.71
(10,2):	1.86	1.52	1.94
(10,3):	1.09	1.99	1.83
(10,4):	1.77	1.06	1.96
[EOD]
