10	4	6
[DEMANDS]
(1,1):	656	620	590	857	792	658
(1,2):	617	740	827	543	658	585
(1,3):	944	539	618	938	521	644
(1,4):	848	545	855	747	917	851
(2,1):	897	959	833	952	588	526
(2,2):	675	604	590	942	884	871
(2,3):	763	705	618	796	889	772
(2,4):	921	908	666	535	756	787
(3,1):	657	692	553	685	624	746
(3,2):	867	711	822	852	647	831
(3,3):	780	563	503	1000	502	904
(3,4):	605	998	753	859	950	518
(4,1):	995	946	537	601	916	963
(4,2):	677	969	909	853	538	748
(4,3):	602	969	855	920	926	718
(4,4):	799	983	743	640	552	813
(5,1):	893	801	565	841	908	790
(5,2):	824	863	593	781	741	785
(5,3):	970	531	680	775	808	659
(5,4):	877	802	989	703	751	655
(6,1):	994	983	932	680	540	877
(6,2):	637	917	550	605	856	803
(6,3):	820	751	779	573	987	721
(6,4):	779	503	927	603	871	899
(7,1):	725	714	525	784	745	758
(7,2):	717	698	716	932	805	972
(7,3):	641	552	630	581	747	761
(7,4):	715	894	612	682	710	920
(8,1):	678	854	768	757	669	837
(8,2):	893	853	685	819	814	899
(8,3):	869	588	707	891	732	579
(8,4):	937	829	829	743	788	731
(9,1):	594	984	597	506	589	814
(9,2):	972	880	579	946	683	911
(9,3):	677	785	696	518	659	648
(9,4):	814	769	703	996	574	709
(10,1):	508	934	761	606	917	894
(10,2):	988	895	935	599	513	559
(10,3):	806	838	769	921	576	755
(10,4):	698	516	841	699	861	777
[SETUP_TIME]
1:	9.2	9.15	8.32	10.42
2:	8.54	10.57	9.73	10.57
3:	10.95	9.48	11.91	11.22
4:	8.57	11.76	9.81	10.34
5:	11.47	9.29	11.13	10.44
6:	10.27	9.38	11.99	8.37
7:	8.81	11.24	9.1	11.63
8:	9.01	8.65	9.87	9.0
9:	8.45	9.76	9.28	11.93
10:	8.86	10.98	10.67	11.7
[PRODUCTION_TIME]
1:	0.04	0.1	0.04	0.09
2:	0.09	0.03	0.06	0.08
3:	0.05	0.03	0.09	0.03
4:	0.01	0.04	0.02	0.1
5:	0.02	0.06	0.07	0.06
6:	0.07	0.04	0.08	0.06
7:	0.03	0.05	0.05	0.04
8:	0.02	0.02	0.05	0.02
9:	0.05	0.1	0.08	0.09
10:	0.03	0.03	0.05	0.09
[CAPACITY]
1:	345.95	232.01	322.0	213.67	337.41	320.32
2:	329.03	327.14	297.86	235.3	343.76	230.52
3:	296.45	352.58	364.08	268.52	364.81	358.7
4:	218.07	229.24	252.59	236.46	354.15	365.1
[TRANSFER_COST]
(1,1):	2.34	2.15	3.09	4.3	1.76	3.44
(1,2):	2.26	2.44	4.51	4.41	4.22	4.21
(1,3):	2.39	1.02	1.37	4.72	3.38	4.24
(1,4):	2.86	4.84	1.38	2.96	3.55	3.82
(2,1):	4.68	1.9	1.23	3.13	1.31	2.64
(2,2):	3.92	3.84	2.75	1.2	3.6	1.55
(2,3):	1.96	2.03	3.33	2.89	2.93	2.3
(2,4):	4.68	1.69	2.07	1.53	4.07	4.02
(3,1):	3.95	1.19	2.68	1.65	3.33	4.18
(3,2):	4.54	1.7	2.11	1.02	1.65	3.74
(3,3):	1.78	4.73	4.44	1.45	2.71	2.35
(3,4):	2.45	1.42	2.82	4.98	3.59	1.37
(4,1):	2.29	4.27	3.15	2.14	3.72	2.43
(4,2):	2.97	4.03	4.28	1.38	3.92	2.35
(4,3):	3.26	1.95	4.92	4.46	2.09	2.78
(4,4):	1.05	3.05	4.49	4.54	3.1	4.45
[SETUP_COST]
(1,1):	4.27	2.3	2.96	2.66	6.94	5.35
(1,2):	6.84	7.67	5.02	8.8	4.17	5.85
(1,3):	1.96	1.13	2.96	2.29	2.45	3.0
(1,4):	9.27	6.49	2.98	7.0	2.22	5.51
(2,1):	7.16	5.93	5.52	9.43	5.55	6.15
(2,2):	8.05	4.23	5.04	4.86	4.04	4.76
(2,3):	5.27	4.37	5.63	1.96	7.8	3.81
(2,4):	2.16	7.42	5.52	9.28	7.61	1.84
(3,1):	4.72	6.65	3.41	7.37	4.6	6.13
(3,2):	2.64	8.99	8.93	4.31	2.43	4.45
(3,3):	8.99	8.62	9.96	4.76	9.15	2.48
(3,4):	5.15	1.37	4.47	4.63	3.31	1.32
(4,1):	2.14	5.57	3.72	6.0	7.52	2.25
(4,2):	4.36	9.42	1.09	9.64	9.51	8.33
(4,3):	8.62	1.2	4.17	1.73	2.53	5.88
(4,4):	2.8	5.53	5.76	7.51	8.52	3.0
(5,1):	9.61	7.31	9.83	7.27	7.67	8.1
(5,2):	4.14	8.88	8.49	2.81	2.66	8.65
(5,3):	6.2	1.2	3.75	2.99	7.02	9.0
(5,4):	1.65	5.56	2.32	4.2	1.64	2.95
(6,1):	8.17	3.07	9.56	1.22	7.97	8.8
(6,2):	9.52	6.45	8.45	5.5	6.73	1.03
(6,3):	3.29	8.44	2.38	6.59	1.05	9.35
(6,4):	2.59	8.23	7.17	3.19	4.56	8.82
(7,1):	9.37	3.77	4.14	2.5	9.8	3.09
(7,2):	3.54	5.24	2.46	9.39	1.54	5.93
(7,3):	4.1	9.25	5.01	3.43	8.63	1.06
(7,4):	3.52	5.85	7.19	6.0	5.83	7.22
(8,1):	8.31	3.41	9.13	9.64	2.95	5.25
(8,2):	2.33	1.49	4.66	1.05	8.63	8.66
(8,3):	4.92	7.21	2.12	7.92	4.96	3.21
(8,4):	5.89	8.7	5.32	8.97	1.0	6.23
(9,1):	3.94	7.27	3.55	7.9	2.4	7.56
(9,2):	9.53	9.19	2.26	3.74	1.69	1.48
(9,3):	6.0	4.84	4.2	7.91	5.84	5.12
(9,4):	9.28	3.59	8.69	8.33	5.66	4.41
(10,1):	8.34	6.43	7.08	8.49	7.56	8.19
(10,2):	9.7	7.1	9.14	7.53	4.28	6.61
(10,3):	4.6	5.54	9.96	9.59	1.21	2.67
(10,4):	5.44	4.22	3.31	9.07	1.14	7.52
[INVENTORY_COST]
(1,1):	1.31	1.76	1.39	1.36	1.03	1.23
(1,2):	1.19	1.75	1.67	1.05	1.41	1.67
(1,3):	1.38	1.52	1.99	1.23	1.35	1.23
(1,4):	1.28	1.98	1.4	1.94	1.03	1.5
(2,1):	1.55	1.03	1.39	1.0	1.84	1.18
(2,2):	1.54	1.4	1.36	1.31	1.29	1.06
(2,3):	1.97	1.21	1.8	1.72	1.05	1.47
(2,4):	1.99	1.59	1.65	1.8	1.06	1.97
(3,1):	1.41	1.35	1.47	1.87	1.05	1.77
(3,2):	1.56	1.6	1.67	1.4	1.5	1.88
(3,3):	1.09	1.71	1.26	1.59	1.54	1.14
(3,4):	1.39	1.35	1.59	1.12	1.92	1.41
(4,1):	1.11	1.43	1.38	1.09	1.48	1.43
(4,2):	1.18	1.05	1.87	1.65	1.9	1.38
(4,3):	1.59	1.86	1.37	1.61	1.71	1.73
(4,4):	1.74	1.96	1.88	1.99	1.82	1.76
(5,1):	1.54	1.05	1.77	1.95	1.45	1.77
(5,2):	1.07	1.87	1.83	1.39	1.33	1.88
(5,3):	1.24	1.0	1.22	1.44	1.39	1.46
(5,4):	1.83	1.98	1.08	1.61	1.52	1.52
(6,1):	1.53	1.5	1.37	1.29	1.14	1.03
(6,2):	1.22	1.87	1.64	1.06	1.26	1.9
(6,3):	1.8	1.2	1.07	1.04	1.09	1.91
(6,4):	1.01	1.33	1.49	1.77	1.39	1.49
(7,1):	1.18	1.22	1.04	1.7	1.33	1.78
(7,2):	1.27	1.71	1.24	1.13	1.4	1.41
(7,3):	1.05	1.49	1.51	1.12	1.76	1.94
(7,4):	1.57	1.82	1.48	1.65	1.18	1.14
(8,1):	1.87	1.9	1.74	1.72	1.9	1.2
(8,2):	1.33	1.52	1.52	1.86	1.51	1.44
(8,3):	1.88	1.02	1.26	1.74	1.17	1.64
(8,4):	1.45	1.59	1.94	1.21	1.78	1.57
(9,1):	1.1	1.73	1.25	1.45	1.63	1.2
(9,2):	1.82	1.08	1.16	1.95	1.33	1.9
(9,3):	1.1	1.25	1.19	1.56	1.15	1.12
(9,4):	1.96	1.86	1.43	1.57	1.84	1.64
(10,1):	1.25	1.79	1.28	1.5	1.59	1.09
(10,2):	1.41	1.0	1.83	1.94	1.36	1.65
(10,3):	1.81	1.64	1.34	1.11	1.62	1.3
(10,4):	1.37	1.31	1.57	1.32	1.14	1.84
[PRODUCTION_COST]
(1,1):	1.26	1.03	1.71	1.46	1.09	1.12
(1,2):	1.56	1.57	1.14	1.36	1.15	1.84
(1,3):	2.0	1.27	1.38	1.83	1.29	1.62
(1,4):	1.3	1.59	1.36	1.5	1.08	1.2
(2,1):	1.29	1.06	1.66	1.42	1.5	1.17
(2,2):	1.24	1.19	1.14	1.85	1.66	1.12
(2,3):	1.51	1.58	1.8	1.66	1.94	1.64
(2,4):	1.89	1.54	1.15	1.78	1.79	1.95
(3,1):	1.38	1.32	1.85	1.96	1.0	1.12
(3,2):	1.03	1.9	1.55	1.02	1.55	1.34
(3,3):	1.17	1.96	1.68	1.44	1.83	1.06
(3,4):	1.08	1.88	1.24	1.96	1.01	1.97
(4,1):	1.39	1.74	1.21	1.25	1.69	1.97
(4,2):	1.38	1.96	1.99	1.15	1.23	1.94
(4,3):	1.53	1.85	1.05	1.1	1.12	1.72
(4,4):	1.49	1.99	1.97	1.99	1.59	1.96
(5,1):	1.2	1.37	1.75	1.58	1.34	1.22
(5,2):	1.73	1.53	1.73	1.92	1.38	1.63
(5,3):	2.0	1.46	1.66	1.9	1.17	1.82
(5,4):	1.81	1.6	1.51	1.87	1.95	1.3
(6,1):	1.74	1.56	1.97	1.86	1.36	1.54
(6,2):	1.85	1.1	1.56	1.81	1.11	1.19
(6,3):	1.96	1.79	1.3	1.76	1.41	1.76
(6,4):	1.34	1.82	1.52	1.48	1.26	1.79
(7,1):	1.36	1.52	1.44	1.29	1.13	1.26
(7,2):	1.93	1.49	1.84	1.72	1.13	1.44
(7,3):	1.0	1.2	1.68	1.81	1.96	1.73
(7,4):	1.25	1.61	1.38	1.26	1.19	1.29
(8,1):	1.23	1.38	1.67	1.01	1.13	1.93
(8,2):	1.36	1.67	1.52	1.01	1.98	1.27
(8,3):	1.83	1.55	1.61	1.03	1.99	1.43
(8,4):	1.98	1.32	1.53	1.27	1.68	1.69
(9,1):	1.41	1.29	1.5	1.91	1.67	1.28
(9,2):	1.52	1.46	1.98	1.26	1.71	1.64
(9,3):	1.42	1.87	1.24	1.64	1.0	1.17
(9,4):	1.84	1.5	1.43	2.0	1.44	1.39
(10,1):	1.37	1.18	1.96	1.62	1.21	1.26
(10,2):	1.91	1.61	1.04	1.38	1.54	1.29
(10,3):	1.47	1.23	1.64	1.31	1.2	1.45
(10,4):	1.42	1.68	1.36	1.27	1.14	1.25
[EOD]
