10	4	5
[DEMANDS]
(1,1):	742	724	974	561	944
(1,2):	848	870	662	829	763
(1,3):	768	810	609	982	723
(1,4):	734	728	812	539	513
(2,1):	927	634	779	558	695
(2,2):	597	594	675	714	817
(2,3):	621	779	860	609	763
(2,4):	729	743	783	850	878
(3,1):	507	953	589	822	846
(3,2):	642	755	899	830	788
(3,3):	550	838	759	563	686
(3,4):	604	690	715	567	889
(4,1):	877	680	818	692	942
(4,2):	808	919	518	624	562
(4,3):	521	889	731	890	578
(4,4):	553	922	730	688	537
(5,1):	527	609	684	663	846
(5,2):	933	967	906	591	965
(5,3):	581	514	630	720	755
(5,4):	960	913	694	712	928
(6,1):	542	975	645	885	738
(6,2):	775	782	888	677	773
(6,3):	607	563	798	505	766
(6,4):	756	810	718	606	920
(7,1):	638	783	986	831	823
(7,2):	842	705	994	978	972
(7,3):	503	633	814	553	854
(7,4):	674	537	972	639	568
(8,1):	683	525	688	874	655
(8,2):	514	529	636	842	970
(8,3):	617	855	944	857	707
(8,4):	867	595	686	524	954
(9,1):	545	624	963	833	899
(9,2):	754	584	830	698	585
(9,3):	516	983	997	547	518
(9,4):	774	869	781	780	887
(10,1):	698	533	533	886	580
(10,2):	811	677	528	682	560
(10,3):	815	562	769	561	664
(10,4):	642	710	579	697	508
[SETUP_TIME]
1:	10.04	10.32	9.48	11.56
2:	11.69	9.45	11.09	11.83
3:	10.72	11.68	10.08	10.72
4:	9.88	10.36	10.6	9.08
5:	8.89	8.83	10.51	11.24
6:	11.12	8.42	10.5	8.65
7:	11.47	10.61	9.9	8.23
8:	11.78	8.14	11.36	11.2
9:	10.51	11.1	9.57	10.08
10:	8.96	10.07	10.46	10.08
[PRODUCTION_TIME]
1:	0.05	0.09	0.01	0.04
2:	0.08	0.1	0.07	0.07
3:	0.04	0.04	0.08	0.01
4:	0.01	0.07	0.02	0.09
5:	0.01	0.04	0.01	0.02
6:	0.1	0.06	0.06	0.09
7:	0.07	0.08	0.05	0.06
8:	0.08	0.01	0.03	0.02
9:	0.03	0.09	0.06	0.09
10:	0.02	0.02	0.09	0.04
[CAPACITY]
1:	359.07	295.7	373.9	388.3	385.45
2:	310.23	220.55	202.04	378.96	359.62
3:	240.19	346.53	335.85	232.68	294.67
4:	276.16	217.05	308.23	236.26	348.46
[TRANSFER_COST]
(1,1):	1.6	4.89	3.18	4.77	1.27
(1,2):	1.56	4.12	1.67	4.7	2.43
(1,3):	3.16	4.45	3.4	2.41	3.41
(1,4):	3.87	2.12	4.81	3.5	4.8
(2,1):	4.3	3.64	4.37	4.83	1.25
(2,2):	1.31	4.62	1.04	1.01	1.2
(2,3):	1.26	2.95	4.07	4.78	1.32
(2,4):	2.71	1.27	3.53	4.2	2.42
(3,1):	4.37	2.31	1.7	1.75	4.78
(3,2):	1.86	3.29	1.3	4.1	1.9
(3,3):	4.27	4.17	3.49	2.13	2.25
(3,4):	3.66	1.92	4.27	4.11	1.11
(4,1):	2.15	4.06	1.93	1.39	3.37
(4,2):	4.49	4.18	3.2	3.72	2.42
(4,3):	1.76	2.0	3.16	4.77	4.23
(4,4):	2.87	4.04	2.99	2.17	2.84
[SETUP_COST]
(1,1):	4.11	8.04	4.88	3.25	6.52
(1,2):	7.74	7.35	4.22	1.43	8.45
(1,3):	9.68	4.77	1.27	2.34	6.61
(1,4):	2.35	2.59	5.37	1.49	2.62
(2,1):	2.27	5.46	4.29	2.45	5.22
(2,2):	3.2	2.69	9.97	5.05	8.51
(2,3):	9.99	5.98	8.6	2.09	4.33
(2,4):	5.08	8.66	7.18	9.09	3.06
(3,1):	2.94	7.07	7.18	3.21	5.77
(3,2):	8.55	6.61	6.75	2.55	6.56
(3,3):	6.18	2.08	1.01	1.26	1.45
(3,4):	6.13	5.23	6.38	3.84	7.77
(4,1):	1.46	4.52	7.17	4.9	7.12
(4,2):	7.86	8.72	7.44	2.56	5.23
(4,3):	3.95	4.96	5.11	6.87	1.37
(4,4):	2.17	1.83	3.48	7.64	2.07
(5,1):	5.68	9.71	1.88	6.74	2.48
(5,2):	9.17	2.97	9.49	7.8	7.36
(5,3):	6.75	1.83	6.74	5.76	1.65
(5,4):	7.35	2.29	9.2	2.53	6.49
(6,1):	3.09	4.2	4.09	5.62	2.64
(6,2):	3.1	6.17	8.85	8.96	6.22
(6,3):	8.09	8.53	7.01	9.45	2.22
(6,4):	8.12	6.42	2.68	5.0	4.0
(7,1):	6.06	2.83	3.84	6.68	7.36
(7,2):	4.68	6.3	5.29	6.61	1.41
(7,3):	1.65	8.61	2.37	4.82	4.59
(7,4):	5.77	3.36	7.12	6.79	7.1
(8,1):	6.23	8.77	4.9	6.65	8.71
(8,2):	7.05	6.78	1.4	8.07	9.67
(8,3):	3.14	8.98	1.1	2.9	6.05
(8,4):	6.57	4.9	4.8	7.4	7.47
(9,1):	7.36	1.96	5.77	3.37	1.34
(9,2):	1.46	6.98	3.62	1.82	7.32
(9,3):	5.97	4.09	8.84	3.89	5.45
(9,4):	3.26	4.2	9.11	3.65	7.8
(10,1):	8.35	5.23	9.22	5.3	5.92
(10,2):	2.63	6.76	7.15	5.68	4.97
(10,3):	8.72	8.98	4.15	4.05	1.88
(10,4):	9.89	9.23	4.77	6.55	6.44
[INVENTORY_COST]
(1,1):	1.17	1.67	1.44	1.63	1.04
(1,2):	1.68	1.9	1.72	1.94	1.04
(1,3):	1.57	1.34	1.21	1.25	1.57
(1,4):	1.46	1.43	1.3	1.42	1.79
(2,1):	1.26	1.14	1.27	1.02	1.2
(2,2):	1.62	1.46	1.41	1.96	1.04
(2,3):	1.14	1.91	1.42	1.77	1.32
(2,4):	1.19	1.41	2.0	1.42	1.33
(3,1):	1.84	1.39	1.13	1.8	1.52
(3,2):	1.65	1.85	1.79	1.5	1.95
(3,3):	1.33	1.82	1.68	1.51	1.3
(3,4):	1.81	1.14	1.95	1.07	1.85
(4,1):	1.18	1.28	1.15	1.98	1.71
(4,2):	1.74	1.2	1.82	1.99	1.05
(4,3):	1.86	1.08	1.48	1.11	1.72
(4,4):	1.25	1.56	1.72	1.25	1.46
(5,1):	1.02	1.32	1.56	1.19	1.6
(5,2):	1.54	1.15	1.62	1.28	1.23
(5,3):	1.37	1.28	1.11	1.25	1.97
(5,4):	1.62	1.76	1.19	1.72	1.62
(6,1):	1.29	1.08	1.61	1.69	1.13
(6,2):	1.14	1.47	1.84	1.97	1.06
(6,3):	1.18	1.81	1.59	1.74	1.49
(6,4):	1.6	1.82	1.92	1.42	1.87
(7,1):	1.39	1.11	1.62	1.57	1.85
(7,2):	1.02	1.69	1.96	1.22	1.19
(7,3):	1.42	1.58	1.37	1.68	1.48
(7,4):	1.09	1.35	1.3	1.9	1.75
(8,1):	1.58	1.16	1.5	1.46	1.39
(8,2):	1.95	1.18	1.81	1.99	1.24
(8,3):	1.94	1.49	1.77	1.32	1.74
(8,4):	1.11	1.24	1.12	1.06	1.03
(9,1):	1.87	1.06	1.61	1.92	1.34
(9,2):	1.98	1.93	1.31	1.38	1.67
(9,3):	1.42	1.34	1.96	1.84	1.83
(9,4):	1.91	1.31	1.02	1.66	1.78
(10,1):	1.97	1.31	1.1	1.0	1.3
(10,2):	1.67	1.37	1.33	1.02	1.58
(10,3):	1.61	1.31	1.46	1.75	1.52
(10,4):	1.33	1.22	1.45	1.67	1.62
[PRODUCTION_COST]
(1,1):	1.32	1.61	1.79	1.5	1.83
(1,2):	1.51	1.66	1.03	1.4	1.91
(1,3):	1.84	1.46	1.82	1.12	1.5
(1,4):	1.37	1.29	1.55	1.64	1.71
(2,1):	1.67	1.04	1.33	1.69	1.93
(2,2):	1.43	1.77	1.56	1.19	1.76
(2,3):	1.71	1.23	1.66	1.75	1.43
(2,4):	1.56	1.51	1.07	1.27	1.21
(3,1):	1.89	1.56	1.2	1.7	1.77
(3,2):	1.07	1.25	1.29	1.22	1.83
(3,3):	1.2	1.24	1.49	1.65	1.35
(3,4):	1.65	1.11	1.21	1.64	1.04
(4,1):	1.77	1.28	1.53	1.36	1.27
(4,2):	1.35	1.46	1.27	1.17	1.98
(4,3):	1.06	1.66	1.4	1.84	1.06
(4,4):	1.88	1.94	1.07	1.79	1.2
(5,1):	1.55	1.93	1.14	1.82	1.71
(5,2):	1.25	1.55	1.2	1.69	1.74
(5,3):	1.58	1.22	1.86	1.24	1.1
(5,4):	1.92	1.95	1.06	1.65	1.37
(6,1):	1.72	1.81	1.43	2.0	1.51
(6,2):	1.73	1.35	1.32	1.34	1.34
(6,3):	1.61	1.02	1.71	1.74	1.33
(6,4):	1.8	1.69	1.13	1.61	1.43
(7,1):	1.87	1.51	1.09	1.61	1.62
(7,2):	1.96	1.97	1.13	1.03	1.0
(7,3):	2.0	1.3	1.64	1.89	1.24
(7,4):	1.33	1.26	1.19	1.01	2.0
(8,1):	1.45	1.14	1.96	1.43	1.44
(8,2):	1.96	1.42	1.86	1.67	1.21
(8,3):	1.83	1.16	1.32	1.82	1.7
(8,4):	1.39	1.96	1.47	1.85	1.87
(9,1):	1.95	1.76	1.23	1.8	1.93
(9,2):	1.23	1.88	1.36	1.7	1.59
(9,3):	1.32	1.02	1.42	1.98	1.4
(9,4):	1.74	1.86	1.29	1.01	1.03
(10,1):	1.45	1.77	1.03	1.48	1.65
(10,2):	1.35	1.51	1.49	1.9	1.95
(10,3):	1.95	1.67	1.04	1.33	1.53
(10,4):	1.44	1.4	1.65	1.21	1.16
[EOD]
